(-2.5725806451612905, 0.6269270298047276) (-2.620967741935484, 0.3864337101747174) (-2.4475806451612905, 0.41932168550873583)
(-2.620967741935484, 0.3864337101747174) (-2.4495967741935485, 0.1880781089414183) (-2.441532258064516, 0.3011305241521069)
(-2.441532258064516, 0.3011305241521069) (-2.4475806451612905, 0.41932168550873583) (-2.620967741935484, 0.3864337101747174)
(-2.443548387096774, -0.43884892086330934) (-2.4576612903225805, -0.2065775950668037) (-2.566532258064516, -0.33607399794450155)
(-2.4576612903225805, -0.2065775950668037) (-2.413306451612903, -0.02158273381294964) (-2.566532258064516, -0.33607399794450155)
(-2.4475806451612905, 0.41932168550873583) (-2.3951612903225805, 0.5529290853031861) (-2.5725806451612905, 0.6269270298047276)
(-2.407258064516129, 0.7667009249743063) (-2.5725806451612905, 0.6269270298047276) (-2.3951612903225805, 0.5529290853031861)
(-2.566532258064516, -0.33607399794450155) (-2.336693548387097, -0.6258992805755396) (-2.443548387096774, -0.43884892086330934)
(-2.3004032258064515, 0.21068859198355602) (-2.441532258064516, 0.3011305241521069) (-2.4495967741935485, 0.1880781089414183)
(-2.4576612903225805, -0.2065775950668037) (-2.2721774193548385, -0.12846865364850976) (-2.413306451612903, -0.02158273381294964)
(-2.2923387096774195, 0.6618705035971223) (-2.407258064516129, 0.7667009249743063) (-2.3951612903225805, 0.5529290853031861)
(-2.4495967741935485, 0.1880781089414183) (-2.3125, 0.10996916752312436) (-2.3004032258064515, 0.21068859198355602)
(-2.336693548387097, -0.6258992805755396) (-2.1975806451612905, -0.5149023638232272) (-2.443548387096774, -0.43884892086330934)
(-2.247983870967742, 0.828365878725591) (-2.407258064516129, 0.7667009249743063) (-2.2923387096774195, 0.6618705035971223)
(-2.1733870967741935, 0.040082219938335044) (-2.413306451612903, -0.02158273381294964) (-2.2721774193548385, -0.12846865364850976)
(-2.2923387096774195, 0.6618705035971223) (-2.1411290322580645, 0.7255909558067831) (-2.247983870967742, 0.828365878725591)
(-2.1975806451612905, -0.5149023638232272) (-2.336693548387097, -0.6258992805755396) (-2.1088709677419355, -0.6300102774922919)
(-2.2721774193548385, -0.12846865364850976) (-2.088709677419355, -0.06474820143884892) (-2.1733870967741935, 0.040082219938335044)
(-2.0504032258064515, 0.8591983556012333) (-2.247983870967742, 0.828365878725591) (-2.1411290322580645, 0.7255909558067831)
(-2.1088709677419355, -0.6300102774922919) (-1.9314516129032258, -0.539568345323741) (-2.1975806451612905, -0.5149023638232272)
(-2.1411290322580645, 0.7255909558067831) (-1.9173387096774193, 0.7543679342240494) (-2.0504032258064515, 0.8591983556012333)
(-2.1088709677419355, -0.6300102774922919) (-1.838709677419355, -0.6916752312435765) (-1.9314516129032258, -0.539568345323741)
(-1.8346774193548387, 0.8633093525179856) (-2.0504032258064515, 0.8591983556012333) (-1.9173387096774193, 0.7543679342240494)
(-1.838709677419355, -0.6916752312435765) (-1.8125, -0.5950668036998972) (-1.9314516129032258, -0.539568345323741)
(-1.8346774193548387, 0.8633093525179856) (-1.9173387096774193, 0.7543679342240494) (-1.6612903225806452, 0.7564234326824255)
(-1.8125, -0.5950668036998972) (-1.838709677419355, -0.6916752312435765) (-1.7318548387096775, -0.7142857142857143)
(-1.7318548387096775, -0.7142857142857143) (-1.6431451612903225, -0.5457348406988695) (-1.8125, -0.5950668036998972)
(-1.5625, 0.8273381294964028) (-1.8346774193548387, 0.8633093525179856) (-1.6612903225806452, 0.7564234326824255)
(-1.7318548387096775, -0.7142857142857143) (-1.590725806451613, -0.632065775950668) (-1.6431451612903225, -0.5457348406988695)
(-1.590725806451613, -0.632065775950668) (-1.4858870967741935, -0.5169578622816033) (-1.6431451612903225, -0.5457348406988695)
(-1.5625, 0.8273381294964028) (-1.6612903225806452, 0.7564234326824255) (-1.4435483870967742, 0.6937307297019527)
(-1.3387096774193548, -0.527235354573484) (-1.4858870967741935, -0.5169578622816033) (-1.590725806451613, -0.632065775950668)
(-1.3225806451612905, 0.7348406988694759) (-1.5625, 0.8273381294964028) (-1.4435483870967742, 0.6937307297019527)
(-1.3225806451612905, 0.7348406988694759) (-1.4435483870967742, 0.6937307297019527) (-1.407258064516129, 0.4799588900308325)
(-1.1411290322580645, 0.05858170606372045) (-1.3850806451612903, 0.05858170606372045) (-1.4858870967741935, -0.5169578622816033)
(-1.2056451612903225, 0.4984583761562179) (-1.407258064516129, 0.4799588900308325) (-1.3850806451612903, 0.05858170606372045)
(-1.4858870967741935, -0.5169578622816033) (-1.3387096774193548, -0.527235354573484) (-1.1411290322580645, 0.05858170606372045)
(-1.2056451612903225, 0.4984583761562179) (-1.3225806451612905, 0.7348406988694759) (-1.407258064516129, 0.4799588900308325)
(-1.3850806451612903, 0.05858170606372045) (-1.1411290322580645, 0.05858170606372045) (-1.407258064516129, 0.4799588900308325)
(-1.3850806451612903, 0.05858170606372045) (-1.1411290322580645, 0.05858170606372045) (-1.2056451612903225, 0.4984583761562179)
(-1.3225806451612905, 0.7348406988694759) (-1.2056451612903225, 0.4984583761562179) (-0.8487903225806451, 0.6937307297019527)
(-1.1411290322580645, 0.05858170606372045) (-1.3387096774193548, -0.527235354573484) (-0.810483870967742, -0.42034943473792397)
(-0.7620967741935484, 1.1058581706063721) (-0.8245967741935484, 0.9907502569373073) (-0.7459677419354839, 1.0236382322713258)
(-0.3790322580645161, -0.5436793422404933) (-0.9032258064516129, -0.7204522096608428) (-0.39717741935483875, -0.775950668036999)
(-0.33064516129032256, 1.1942446043165469) (-0.3588709677419355, 1.4039054470709147) (-0.7721774193548387, 1.7348406988694758)
(-0.45564516129032256, 0.6300102774922919) (-0.31451612903225806, 0.6156217882836588) (-0.41935483870967744, 0.710174717368962)
(-0.28225806451612906, 0.3895169578622816) (-0.3790322580645161, 0.30318602261048305) (-0.2862903225806452, 0.2805755395683453)
(-0.3790322580645161, -0.5436793422404933) (-0.39717741935483875, -0.775950668036999) (-0.0967741935483871, -0.512846865364851)
(-0.22782258064516128, 1.1736896197327853) (-0.22379032258064516, 1.6546762589928057) (-0.2862903225806452, 1.159301130524152)
(-0.22379032258064516, 1.6546762589928057) (-0.2862903225806452, 1.159301130524152) (-0.22379032258064516, 1.6546762589928057)
(-0.2217741935483871, -0.11613566289825282) (-0.3790322580645161, -0.5436793422404933) (-0.0967741935483871, -0.512846865364851)
(-0.05241935483870968, 0.6670092497430626) (-0.08266129032258064, 0.6423432682425488) (-0.036290322580645164, 0.6197327852004111)
(0.20967741935483872, -0.007194244604316547) (-0.2217741935483871, -0.11613566289825282) (-0.0967741935483871, -0.512846865364851)
(0.1431451612903226, 0.20041109969167523) (-0.2217741935483871, -0.11613566289825282) (0.20967741935483872, -0.007194244604316547)
(0.16532258064516128, 1.1613566289825283) (0.08870967741935484, 1.0626927029804727) (0.1935483870967742, 1.0853031860226106)
(0.28830645161290325, 0.5457348406988695) (0.11491935483870967, 0.4039054470709147) (0.2963709677419355, 0.40596094552929085)
(0.5221774193548387, 0.2065775950668037) (0.1431451612903226, 0.20041109969167523) (0.20967741935483872, -0.007194244604316547)
(0.46169354838709675, 0.8591983556012333) (0.33669354838709675, 0.7934224049331963) (0.4435483870967742, 0.7564234326824255)
(0.5221774193548387, 0.2065775950668037) (0.20967741935483872, -0.007194244604316547) (0.6673387096774194, -0.02158273381294964)
